[[-0.02720995383682156], [0.048952148295342515], [0.04590512836144163], [-0.0652569618355924]]
[-0.04897422794673815]
--------------------------------------------------------------------------------
[[-0.04068338840536024], [0.035478713726803834], [0.030377281498578067], [-0.08078480869845597]]
[-0.04897422794673815]
--------------------------------------------------------------------------------
[[-0.039553509485290884], [0.03660859264687319], [0.029247402559347855], [-0.08191468763768618]]
[-0.04897422794673815]
--------------------------------------------------------------------------------
[[-0.038310706328290624], [0.03785139580387345], [0.028004599383176784], [-0.08315749081385726]]
[-0.04897422794673815]
--------------------------------------------------------------------------------
[[-0.036943707566846624], [0.03921839456531744], [0.026637600602570297], [-0.08452448959446375]]
[-0.04897422794673815]
--------------------------------------------------------------------------------
[[-0.03544012165779403], [0.040721980474370034], [0.025134014674356026], [-0.08602807552267802]]
[-0.04897422794673815]
--------------------------------------------------------------------------------
[[-0.033786327163656205], [0.04237577496850786], [0.02348022016106686], [-0.08768187003596718]]
[-0.04897422794673815]
--------------------------------------------------------------------------------
[[-0.031967352819944936], [0.04419474931221913], [0.02166124579820029], [-0.08950084439883375]]
[-0.04897422794673815]
--------------------------------------------------------------------------------
[[-0.029966746615835142], [0.046195355516328925], [0.019660639574924064], [-0.09150145062210999]]
[-0.04897422794673815]
--------------------------------------------------------------------------------
[[-0.027766433119714582], [0.04839566901244949], [0.017460326059642168], [-0.09370176413739188]]
[-0.04897422794673815]
--------------------------------------------------------------------------------
[[-0.025346558311624762], [0.05081554382053931], [0.01504045123238932], [-0.09612163896464473]]
[-0.04897422794673815]
--------------------------------------------------------------------------------
[[-0.02268532125251367], [0.053476780879650396], [0.012379214154111112], [-0.09878287604292293]]
[-0.04897422794673815]
--------------------------------------------------------------------------------
[[-0.019758792040244222], [0.056403310091919845], [0.009452684922681349], [-0.1017094052743527]]
[-0.04897422794673815]
--------------------------------------------------------------------------------
[[-0.016540715693115757], [0.05962138643904831], [0.006234608556394135], [-0.1049274816406399]]
[-0.04897422794673815]
--------------------------------------------------------------------------------
[[-0.013002301888258646], [0.06315980024390543], [0.0026961947323689353], [-0.1084658954646651]]
[-0.04897422794673815]
--------------------------------------------------------------------------------
[[-0.009112000896962392], [0.06705010123520168], [-0.0011941062780968723], [-0.11235619647513091]]
[-0.04897422794673815]
--------------------------------------------------------------------------------
[[-0.004835266642922707], [0.07132683548924136], [-0.005470840551296025], [-0.11663293074833006]]
[-0.04897422794673815]
--------------------------------------------------------------------------------
[[-0.00013430861476890904], [0.07602779351739516], [-0.010171798598605172], [-0.12133388879563921]]
[-0.04897422794673815]
--------------------------------------------------------------------------------
[[0.005032164543714864], [0.08119426667587894], [-0.015338271776248816], [-0.12650036197328285]]
[-0.04897422794673815]
--------------------------------------------------------------------------------
[[0.010709205483928414], [0.08687130761609249], [-0.021015312735630745], [-0.13217740293266478]]
[-0.04897422794673815]
--------------------------------------------------------------------------------
[[0.01694588644239667], [0.09310798857456075], [-0.027251993713270688], [-0.1384140839103047]]
[-0.04897422794673815]
--------------------------------------------------------------------------------
[[0.02379554668060932], [0.0999576488127734], [-0.03410165397064207], [-0.1452637441676761]]
[-0.04897422794673815]
--------------------------------------------------------------------------------
[[0.031316017209168025], [0.1074781193413321], [-0.04162212451835655], [-0.15278421471539058]]
[-0.04897422794673815]
--------------------------------------------------------------------------------
[[0.03956980695178705], [0.11573190908395112], [-0.049875914280145164], [-0.1610380044771792]]
[-0.04897422794673815]
--------------------------------------------------------------------------------
[[0.04862422962853169], [0.12478633176069576], [-0.0589303369760436], [-0.17009242717307763]]
[-0.04897422794673815]
--------------------------------------------------------------------------------
[[0.05855144482626523], [0.1347135469584293], [-0.06885755219292845], [-0.1800196423899625]]
[-0.04897422794673815]
--------------------------------------------------------------------------------
[[0.06942838004986299], [0.14559048218202705], [-0.07973448743569692], [-0.19089657763273093]]
[-0.04897422794673815]
--------------------------------------------------------------------------------
[[0.08133649327109646], [0.15749859540326053], [-0.09164260067608418], [-0.2028046908731182]]
[-0.04897422794673815]
--------------------------------------------------------------------------------
[[0.09436132817350529], [0.17052343030566935], [-0.10466743559765354], [-0.21582952579468756]]
[-0.04897422794673815]
--------------------------------------------------------------------------------
[[0.10859180792500157], [0.18475391005716563], [-0.11889791536832368], [-0.23006000556535772]]
[-0.04897422794673815]
--------------------------------------------------------------------------------
[[0.12411920946792548], [0.20028131160008955], [-0.13442531693040158], [-0.2455874071274356]]
[-0.04897422794673815]
--------------------------------------------------------------------------------
[[0.14103576126863784], [0.21719786340080188], [-0.15134186875027422], [-0.26250395894730827]]
[-0.04897422794673815]
--------------------------------------------------------------------------------
[[0.15943281618715577], [0.2355949183193198], [-0.16973892368796542], [-0.2809010138849995]]
[-0.04897422794673815]
--------------------------------------------------------------------------------
[[0.17939857106549958], [0.2555606731976636], [-0.18970467858547085], [-0.3008667687825049]]
[-0.04897422794673815]
--------------------------------------------------------------------------------
[[0.20101533912509686], [0.2771774412572609], [-0.2113214466642005], [-0.32248353686123454]]
[-0.04897422794673815]
--------------------------------------------------------------------------------
[[0.22435643239600436], [0.3005185345281684], [-0.2346625399542669], [-0.34582463015130094]]
[-0.04897422794673815]
--------------------------------------------------------------------------------
[[0.24948277835945587], [0.3256448804916199], [-0.2597888859369011], [-0.37095097613393513]]
[-0.04897422794673815]
--------------------------------------------------------------------------------
[[0.2764394721367895], [0.3526015742689535], [-0.28674557973343434], [-0.3979076699304684]]
[-0.04897422794673815]
--------------------------------------------------------------------------------
[[0.3052525409940583], [0.3814146431262223], [-0.31555864860988025], [-0.4267207388069143]]
[-0.04897422794673815]
--------------------------------------------------------------------------------
[[0.33592625361889417], [0.4120883557510582], [-0.3462323612538497], [-0.45739445145088375]]
[-0.04897422794673815]
--------------------------------------------------------------------------------
[[0.36844132138493824], [0.44460342351710225], [-0.37874742903901537], [-0.4899095192360494]]
[-0.04897422794673815]
--------------------------------------------------------------------------------
[[0.40275429456297185], [0.47891639669513586], [-0.4130604022362445], [-0.5242224924332786]]
[-0.04897422794673815]
--------------------------------------------------------------------------------
[[0.43879834638026183], [0.5149604485124258], [-0.4491044540727298], [-0.5602665442697639]]
[-0.04897422794673815]
--------------------------------------------------------------------------------
[[0.47648547325818635], [0.5526475753903504], [-0.48679158096978076], [-0.5979536711668147]]
[-0.04897422794673815]
--------------------------------------------------------------------------------
[[0.5157099508841874], [0.5918720530163513], [-0.5260160586149366], [-0.6371781488119705]]
[-0.04897422794673815]
--------------------------------------------------------------------------------
[[0.5563527152863743], [0.6325148174185382], [-0.5666588230362243], [-0.6778209132332582]]
[-0.04897422794673815]
--------------------------------------------------------------------------------
[[0.5982862261224243], [0.6744483282545882], [-0.6085923338914385], [-0.7197544240884725]]
[-0.04897422794673815]
--------------------------------------------------------------------------------
[[0.6413793399795324], [0.7175414421116963], [-0.6516854477676872], [-0.7628475379647212]]
[-0.04897422794673815]
--------------------------------------------------------------------------------
[[0.6855017743811633], [0.7616638765133272], [-0.6958078821884435], [-0.8069699723854774]]
[-0.04897422794673815]
--------------------------------------------------------------------------------
[[0.7305278562000707], [0.8066899583322347], [-0.740833964026393], [-0.851996054223427]]
[-0.04897422794673815]
--------------------------------------------------------------------------------
[[0.7763393874436368], [0.8525014895758009], [-0.7866454952890383], [-0.8978075854860723]]
[-0.04897422794673815]
--------------------------------------------------------------------------------
[[0.8228275940864744], [0.8989896962186386], [-0.833133701951109], [-0.9442957921481431]]
[-0.04897422794673815]
--------------------------------------------------------------------------------
[[0.86989422711573], [0.9460563292478941], [-0.8802003349993779], [-0.9913624251964119]]
[-0.04897422794673815]
--------------------------------------------------------------------------------
[[0.9174519498294145], [0.9936140519615786], [-0.9277580577321443], [-1.0389201479291783]]
[-0.04897422794673815]
--------------------------------------------------------------------------------
[[0.9654241734691855], [1.0415862756013496], [-0.9757302813911078], [-1.0868923715881418]]
[-0.04897422794673815]
--------------------------------------------------------------------------------
[[1.013744502841888], [1.0899066049740522], [-1.0240506107829812], [-1.135212700980015]]
[-0.04897422794673815]
--------------------------------------------------------------------------------
[[1.0623559351359266], [1.1385180372680908], [-1.0726620430962612], [-1.183824133293295]]
[-0.04897422794673815]
--------------------------------------------------------------------------------
[[1.1112099280492058], [1.18737203018137], [-1.121516036028757], [-1.2326781262257909]]
[-0.04897422794673815]
--------------------------------------------------------------------------------
[[1.1602654245118724], [1.2364275266440365], [-1.170571532510557], [-1.2817336227075908]]
[-0.04897422794673815]
--------------------------------------------------------------------------------
[[1.2094878949304926], [1.2856499970626567], [-1.2197940029485503], [-1.3309560931455842]]
[-0.04897422794673815]
--------------------------------------------------------------------------------
[[1.258848436017827], [1.335010538149991], [-1.2691545440549574], [-1.380316634251991]]
[-0.04897422794673815]
--------------------------------------------------------------------------------
[[1.3083229484146515], [1.3844850505468156], [-1.3186290564710856], [-1.4297911466681192]]
[-0.04897422794673815]
--------------------------------------------------------------------------------
[[1.3578914031121012], [1.4340535052442653], [-1.3681975111875626], [-1.4793596013845962]]
[-0.04897422794673815]
--------------------------------------------------------------------------------
[[1.4075371983619878], [1.4836993004941519], [-1.4178433064568219], [-1.5290053966538555]]
[-0.04897422794673815]
--------------------------------------------------------------------------------
[[1.457246603486457], [1.5334087056186212], [-1.4675527116004727], [-1.5787148017975063]]
[-0.04897422794673815]
--------------------------------------------------------------------------------
[[1.507008282932312], [1.583170385064476], [-1.5173143910658449], [-1.6284764812628785]]
[-0.04897422794673815]
--------------------------------------------------------------------------------
[[1.5568128924250186], [1.6329749945571828], [-1.5671190005777895], [-1.6782810907748231]]
[-0.04897422794673815]
--------------------------------------------------------------------------------
[[1.606652738605815], [1.682814840737979], [-1.616958846777398], [-1.7281209369744317]]
[-0.04897422794673815]
--------------------------------------------------------------------------------
[[1.656521493729321], [1.732683595861485], [-1.6668276019201402], [-1.7779896921171738]]
[-0.04897422794673815]
--------------------------------------------------------------------------------
[[1.7064139575622022], [1.7825760596943663], [-1.7167200657719799], [-1.8278821559690137]]
[-0.04897422794673815]
--------------------------------------------------------------------------------
[[1.7563258593742628], [1.832487961506427], [-1.766631967603177], [-1.8777940578002108]]
[-0.04897422794673815]
--------------------------------------------------------------------------------
[[1.8062536937484723], [1.8824157958806365], [-1.8165598019966458], [-1.9277218921936796]]
[-0.04897422794673815]
--------------------------------------------------------------------------------
[[1.8561945847495995], [1.9323566868817637], [-1.8665006930168673], [-1.977662783213901]]
[-0.04897422794673815]
--------------------------------------------------------------------------------
[[1.906146173767626], [1.98230827589979], [-1.9164522820540741], [-2.027614372251108]]
[-0.04897422794673815]
--------------------------------------------------------------------------------
[[1.956106527054012], [2.0322686291861762], [-1.9664126353598401], [-2.077574725556874]]
[-0.04897422794673815]
--------------------------------------------------------------------------------
[[2.006074059588813], [2.082236161720977], [-2.0163801679139004], [-2.127542258110934]]
[-0.04897422794673815]
--------------------------------------------------------------------------------
[[2.056047472458543], [2.132209574590707], [-2.0663535808029425], [-2.177515670999976]]
[-0.04897422794673815]
--------------------------------------------------------------------------------
[[2.106025701391794], [2.182187803523958], [-2.116331809755486], [-2.2274938999525196]]
[-0.04897422794673815]
--------------------------------------------------------------------------------
[[2.1560078744925817], [2.232169976624746], [-2.166313982875624], [-2.2774760730726578]]
[-0.04897422794673815]
--------------------------------------------------------------------------------
[[2.2059932775480737], [2.282155379680238], [-2.216299385950052], [-2.3274614761470858]]
[-0.04897422794673815]
--------------------------------------------------------------------------------
[[2.2559813255650143], [2.3321434276971784], [-2.2662874339859305], [-2.377449524182964]]
[-0.04897422794673815]
--------------------------------------------------------------------------------
[[2.3059715394274862], [2.3821336415596503], [-2.316277647867169], [-2.4274397380642028]]
[-0.04897422794673815]
--------------------------------------------------------------------------------
[[2.3559635267579826], [2.4321256288901467], [-2.366269635217035], [-2.4774317254140685]]
[-0.04897422794673815]
--------------------------------------------------------------------------------
[[2.4059569662318885], [2.4821190683640526], [-2.41626307471004], [-2.527425164907074]]
[-0.04897422794673815]
--------------------------------------------------------------------------------
[[2.4559515947208346], [2.5321136968529987], [-2.466257703218138], [-2.5774197934151717]]
[-0.04897422794673815]
--------------------------------------------------------------------------------
[[2.505947196760789], [2.582109298892953], [-2.5162533052766616], [-2.627415395473695]]
[-0.04897422794673815]
--------------------------------------------------------------------------------
[[2.555943595921561], [2.632105698053725], [-2.566249704456716], [-2.6774117946537497]]
[-0.04897422794673815]
--------------------------------------------------------------------------------
[[2.6059406477404536], [2.6821027498726178], [-2.6162467562945753], [-2.727408846491609]]
[-0.04897422794673815]
--------------------------------------------------------------------------------
[[2.6559382339308124], [2.7321003360629765], [-2.666244342503941], [-2.7774064327009746]]
[-0.04897422794673815]
--------------------------------------------------------------------------------
[[2.705936257640888], [2.782098359773052], [-2.7162423662336], [-2.8274044564306338]]
[-0.04897422794673815]
--------------------------------------------------------------------------------
[[2.755934639571521], [2.832096741703685], [-2.7662407481831504], [-2.877402838380184]]
[-0.04897422794673815]
--------------------------------------------------------------------------------
[[2.8059333147940717], [2.882095416926236], [-2.8162394234248658], [-2.9274015136218994]]
[-0.04897422794673815]
--------------------------------------------------------------------------------
[[2.855932230148011], [2.932094332280175], [-2.866238338797835], [-2.977400428994869]]
[-0.04897422794673815]
--------------------------------------------------------------------------------
[[2.9059313421072996], [2.9820934442394638], [-2.9162374507767574], [-3.027399540973791]]
[-0.04897422794673815]
--------------------------------------------------------------------------------
[[2.9559306150358253], [3.0320927171679894], [-2.96623672372432], [-3.0773988139213535]]
[-0.04897422794673815]
--------------------------------------------------------------------------------
[[3.0059300197558603], [3.0820921218880244], [-3.016236128463288], [-3.1273982186603217]]
[-0.04897422794673815]
--------------------------------------------------------------------------------
[[3.0559295323782965], [3.1320916345104606], [-3.0662356411049525], [-3.177397731301986]]
[-0.04897422794673815]
--------------------------------------------------------------------------------
[[3.1059291333448704], [3.1820912354770345], [-3.1162352420898607], [-3.227397332286894]]
[-0.04897422794673815]
--------------------------------------------------------------------------------
[[3.155928806640952], [3.2320909087731162], [-3.1662349154053993], [-3.2773970056024324]]
[-0.04897422794673815]
--------------------------------------------------------------------------------
[[3.205928539156485], [3.282090641288649], [-3.2162346479396904], [-3.3273967381367235]]
[-0.04897422794673815]
--------------------------------------------------------------------------------
[[-0.04199061025923931], [-0.010621913767842757], [0.04523439348663982], [0.05164035754492782]]
[-0.028426635368227926]
--------------------------------------------------------------------------------
[[-0.05362097655009001], [-0.02225228005869346], [0.0510645031936308], [0.0574704672519188]]
[-0.028426635368227926]
--------------------------------------------------------------------------------
[[-0.06611829008840728], [-0.034749593597010735], [0.057761560148088364], [0.06416752420637636]]
[-0.028426635368227926]
--------------------------------------------------------------------------------
[[-0.07956541608913761], [-0.048196719597741064], [0.06540842970566334], [0.07181439376395135]]
[-0.028426635368227926]
--------------------------------------------------------------------------------
[[-0.094051675143526], [-0.06268297865212945], [0.07409443223749713], [0.08050039629578515]]
[-0.028426635368227926]
--------------------------------------------------------------------------------
[[-0.10677264917079976], [-0.07540395267940322], [0.08681540610472899], [0.093221370163017]]
[-0.028426635368227926]
--------------------------------------------------------------------------------
[[-0.12073026171989104], [-0.0893615652284945], [0.10077301849433987], [0.10717898255262787]]
[-0.028426635368227926]
--------------------------------------------------------------------------------
[[-0.1360317678460058], [-0.10466307135460926], [0.11607452445988702], [0.12248048851817502]]
[-0.028426635368227926]
--------------------------------------------------------------------------------
[[-0.15278884019054914], [-0.12142014369915259], [0.1328315966444767], [0.1392375607027647]]
[-0.028426635368227926]
--------------------------------------------------------------------------------
[[-0.17111600637285268], [-0.13974730988145614], [0.15115876266718625], [0.15756472672547425]]
[-0.028426635368227926]
--------------------------------------------------------------------------------
[[-0.1911284632660443], [-0.15975976677464776], [0.17117121940143099], [0.17757718345971898]]
[-0.028426635368227926]
--------------------------------------------------------------------------------
[[-0.21293918375416682], [-0.18157048726277028], [0.19298193972967442], [0.19938790378796242]]
[-0.028426635368227926]
--------------------------------------------------------------------------------
[[-0.2366552747773472], [-0.20528657828595068], [0.2166980305938456], [0.2231039946521336]]
[-0.028426635368227926]
--------------------------------------------------------------------------------
[[-0.262373621370467], [-0.23100492487907046], [0.2424163770291077], [0.2488223410873957]]
[-0.028426635368227926]
--------------------------------------------------------------------------------
[[-0.2901759635696133], [-0.2588072670782167], [0.2702187190677614], [0.27662468312604943]]
[-0.028426635368227926]
--------------------------------------------------------------------------------
[[-0.32012369623740505], [-0.2887549997460085], [0.3001664515745638], [0.3065724156328518]]
[-0.028426635368227926]
--------------------------------------------------------------------------------
[[-0.3522528365736852], [-0.32088414008228866], [0.3322955917494613], [0.33870155580774935]]
[-0.028426635368227926]
--------------------------------------------------------------------------------
[[-0.38656973411404316], [-0.3552010376226466], [0.3666124891306478], [0.3730184531889358]]
[-0.028426635368227926]
--------------------------------------------------------------------------------
[[-0.42304815499272896], [-0.3916794585013324], [0.4030909098486404], [0.40949687390692835]]
[-0.028426635368227926]
--------------------------------------------------------------------------------
[[-0.46162830938502736], [-0.4302596128936308], [0.44167106408377627], [0.44807702814206424]]
[-0.028426635368227926]
--------------------------------------------------------------------------------
[[-0.5022181857662408], [-0.47084948927484427], [0.4822609403066417], [0.48866690436492966]]
[-0.028426635368227926]
--------------------------------------------------------------------------------
[[-0.54469722954627], [-0.5133285330548735], [0.5247399839298876], [0.5311459479881756]]
[-0.028426635368227926]
--------------------------------------------------------------------------------
[[-0.588922028317641], [-0.5575533318262444], [0.5689647825429329], [0.575370746601221]]
[-0.028426635368227926]
--------------------------------------------------------------------------------
[[-0.6347333420036069], [-0.6033646455122104], [0.614776096065288], [0.6211820601235761]]
[-0.028426635368227926]
--------------------------------------------------------------------------------
[[-0.681963634826529], [-0.6505949383351325], [0.6620063887285969], [0.6684123527868849]]
[-0.028426635368227926]
--------------------------------------------------------------------------------
[[-0.7304442698507633], [-0.6990755733593668], [0.7104870235908889], [0.716892987649177]]
[-0.028426635368227926]
--------------------------------------------------------------------------------
[[-0.7800116950399021], [-0.7486429985485056], [0.7600544486190953], [0.7664604126773834]]
[-0.028426635368227926]
--------------------------------------------------------------------------------
[[-0.8305122138160536], [-0.799143517324657], [0.8105549672383481], [0.8169609312966362]]
[-0.028426635368227926]
--------------------------------------------------------------------------------
[[-0.8818052100634151], [-0.8504365135720185], [0.861847963332047], [0.8682539273903351]]
[-0.028426635368227926]
--------------------------------------------------------------------------------
[[-0.9337649230540515], [-0.9023962265626548], [0.913807676169736], [0.9202136402280241]]
[-0.028426635368227926]
--------------------------------------------------------------------------------
[[-0.9862810107313319], [-0.9549123142399353], [0.9663237636844385], [0.9727297277427266]]
[-0.028426635368227926]
--------------------------------------------------------------------------------
[[-1.0392582003210005], [-1.0078895038296038], [1.019300953118789], [1.0257069171770772]]
[-0.028426635368227926]
--------------------------------------------------------------------------------
[[-1.092615322724733], [-1.0612466262333364], [1.0726580753590644], [1.0790640394173525]]
[-0.028426635368227926]
--------------------------------------------------------------------------------
[[-1.1462839862831606], [-1.114915289791764], [1.1263267387612237], [1.1327327028195118]]
[-0.028426635368227926]
--------------------------------------------------------------------------------
[[-1.2002070890067456], [-1.168838392515349], [1.1802498413223672], [1.1866558053806555]]
[-0.028426635368227926]
--------------------------------------------------------------------------------
[[-1.2543373106531757], [-1.222968614161779], [1.2343800628074988], [1.240786026865787]]
[-0.028426635368227926]
--------------------------------------------------------------------------------
[[-1.3086356763977014], [-1.2772669799063048], [1.2886784283945787], [1.295084392452867]]
[-0.028426635368227926]
--------------------------------------------------------------------------------
[[-1.363070244716708], [-1.3317015482253114], [1.3431129965468613], [1.3495189606051496]]
[-0.028426635368227926]
--------------------------------------------------------------------------------
[[-1.4176149439944306], [-1.386246247503034], [1.3976576956592188], [1.4040636597175071]]
[-0.028426635368227926]
--------------------------------------------------------------------------------
[[-1.4722485635880773], [-1.4408798670966807], [1.4522913150845074], [1.4586972791427957]]
[-0.028426635368227926]
--------------------------------------------------------------------------------
[[-1.5269538932816487], [-1.495585196790252], [1.5069966446247787], [1.513402608683067]]
[-0.028426635368227926]
--------------------------------------------------------------------------------
[[-1.5817169987497404], [-1.5503483022583437], [1.5617597499336577], [1.568165713991946]]
[-0.028426635368227926]
--------------------------------------------------------------------------------
[[-1.6365266174992037], [-1.605157921007807], [1.6165693685198794], [1.6229753325781677]]
[-0.028426635368227926]
--------------------------------------------------------------------------------
[[-1.6913736592588842], [-1.6600049627674875], [1.671416410118617], [1.6778223741769054]]
[-0.028426635368227926]
--------------------------------------------------------------------------------
[[-1.7462507952666013], [-1.7148820987752047], [1.7262935459610271], [1.7326995100193154]]
[-0.028426635368227926]
--------------------------------------------------------------------------------
[[-1.8011521222520956], [-1.769783425760699], [1.78119487278922], [1.7876008368475083]]
[-0.028426635368227926]
--------------------------------------------------------------------------------
[[-1.856072888643541], [-1.8247041921521443], [1.8361156390226523], [1.8425216030809406]]
[-0.028426635368227926]
--------------------------------------------------------------------------------
[[-1.9110092721081582], [-1.8796405756167616], [1.891052022315941], [1.8974579863742294]]
[-0.028426635368227926]
--------------------------------------------------------------------------------
[[-1.9659581992525785], [-1.934589502761182], [1.9460009492974786], [1.9524069133557669]]
[-0.028426635368227926]
--------------------------------------------------------------------------------
[[-2.020917199830709], [-1.9895485033393125], [2.0009599497234687], [2.007365913781757]]
[-0.028426635368227926]
--------------------------------------------------------------------------------
[[-2.075884288985374], [-2.0445155924939775], [2.055927038714503], [2.0623330027727915]]
[-0.028426635368227926]
--------------------------------------------------------------------------------
[[-2.1308578722334843], [-2.0994891757420877], [2.110900621804715], [2.117306585863003]]
[-0.028426635368227926]
--------------------------------------------------------------------------------
[[-2.1858366689687734], [-2.1544679724773768], [2.165879418370898], [2.172285382429186]]
[-0.028426635368227926]
--------------------------------------------------------------------------------
[[-2.2408196508066496], [-2.209450954315253], [2.220862400049081], [2.227268364107369]]
[-0.028426635368227926]
--------------------------------------------------------------------------------
[[-2.2958059920383898], [-2.264437295546993], [2.2758487411218566], [2.282254705180145]]
[-0.028426635368227926]
--------------------------------------------------------------------------------
[[-2.3507950297370996], [-2.319426333245703], [2.3308377786699417], [2.33724374272823]]
[-0.028426635368227926]
--------------------------------------------------------------------------------
[[-2.40578623172826], [-2.374417535236864], [2.385828980499778], [2.392234944558066]]
[-0.028426635368227926]
--------------------------------------------------------------------------------
[[-2.4607791708021396], [-2.4294104743107434], [2.4408219194191783], [2.4472278834774666]]
[-0.028426635368227926]
--------------------------------------------------------------------------------
[[-2.515773504054023], [-2.4844048075626266], [2.495816252513318], [2.502222216571606]]
[-0.028426635368227926]
--------------------------------------------------------------------------------
[[-2.570768956242322], [-2.539400259750926], [2.550811704546699], [2.5572176686049874]]
[-0.028426635368227926]
--------------------------------------------------------------------------------
[[-2.6257653064607003], [-2.5943966099693045], [2.6058080545968907], [2.612214018655179]]
[-0.028426635368227926]
--------------------------------------------------------------------------------
[[-2.68076237738974], [-2.6493936808983443], [2.6608051253684084], [2.6672110894266967]]
[-0.028426635368227926]
--------------------------------------------------------------------------------
[[-2.7357600267307998], [-2.704391330239404], [2.715802774549643], [2.7222087386079314]]
[-0.028426635368227926]
--------------------------------------------------------------------------------
[[-2.7907581402763], [-2.7593894437849045], [2.770800887926913], [2.777206851985201]]
[-0.028426635368227926]
--------------------------------------------------------------------------------
[[-2.8457566263513985], [-2.8143879298600027], [2.8257993738522815], [2.83220533791057]]
[-0.028426635368227926]
--------------------------------------------------------------------------------
[[-2.9007554114055885], [-2.8693867149141927], [2.880798158749564], [2.8872041228078524]]
[-0.028426635368227926]
--------------------------------------------------------------------------------
[[-2.955754436404539], [-2.924385739913143], [2.935797183576833], [2.942203147635121]]
[-0.028426635368227926]
--------------------------------------------------------------------------------
[[-3.0107536539512645], [-2.9793849574598688], [2.9907964009698715], [2.99720236502816]]
[-0.028426635368227926]
--------------------------------------------------------------------------------
[[-3.065753026021751], [-3.034384329530355], [3.0457957729032534], [3.0522017369615417]]
[-0.028426635368227926]
--------------------------------------------------------------------------------
[[-3.1207525221170114], [-3.0893838256256156], [3.1007952688437053], [3.1072012329019936]]
[-0.028426635368227926]
--------------------------------------------------------------------------------
[[-3.1757521177424293], [-3.1443834212510335], [3.155794864305563], [3.162200828363851]]
[-0.028426635368227926]
--------------------------------------------------------------------------------
[[-3.2307517932306764], [-3.1993830967392807], [3.2107945396480795], [3.217200503706368]]
[-0.028426635368227926]
--------------------------------------------------------------------------------
[[-3.2857515328153934], [-3.2543828363239977], [3.2657942790918373], [3.2722002431501256]]
[-0.028426635368227926]
--------------------------------------------------------------------------------
[[-3.340751323847165], [-3.3093826273557694], [3.3207940699699723], [3.3272000340282606]]
[-0.028426635368227926]
--------------------------------------------------------------------------------
[[-3.395751156167575], [-3.3643824596761793], [3.3757939021239847], [3.382199866182273]]
[-0.028426635368227926]
--------------------------------------------------------------------------------
[[-3.450751021624009], [-3.4193823251326134], [3.4307937674016973], [3.4371997314599856]]
[-0.028426635368227926]
--------------------------------------------------------------------------------
[[-3.505750913662384], [-3.474382217170988], [3.48579365927224], [3.4921996233305284]]
[-0.028426635368227926]
--------------------------------------------------------------------------------
[[-3.5607508270353496], [-3.529382130543954], [3.5407935724820065], [3.547199536540295]]
[-0.028426635368227926]
--------------------------------------------------------------------------------
[[-3.615750757530412], [-3.5843820610390162], [3.5957935028162544], [3.6021994668745427]]
[-0.028426635368227926]
--------------------------------------------------------------------------------
[[-3.670750701757905], [-3.6393820052665093], [3.6507934469016208], [3.657199410959909]]
[-0.028426635368227926]
--------------------------------------------------------------------------------
[[-3.725750657017018], [-3.694381960525622], [3.705793402011448], [3.7121993660697363]]
[-0.028426635368227926]
--------------------------------------------------------------------------------
[[-3.7807506211239033], [-3.7493819246325075], [3.760793365973933], [3.7671993300322213]]
[-0.028426635368227926]
--------------------------------------------------------------------------------
[[-3.835750592340419], [-3.804381895849023], [3.8157933370317223], [3.8221993010900106]]
[-0.028426635368227926]
--------------------------------------------------------------------------------
[[-3.890750569260535], [-3.859381872769139], [3.870793313785643], [3.8771992778439315]]
[-0.028426635368227926]
--------------------------------------------------------------------------------
[[-3.9457505507673454], [-3.9143818542759496], [3.925793295101371], [3.9321992591596593]]
[-0.028426635368227926]
--------------------------------------------------------------------------------
[[-4.000750535932596], [-3.9693818394412], [3.9807932801005057], [3.987199244158794]]
[-0.028426635368227926]
--------------------------------------------------------------------------------
[[-4.055750524046285], [-4.024381827554889], [4.0357932680431725], [4.042199232101461]]
[-0.028426635368227926]
--------------------------------------------------------------------------------
[[-4.110750514521956], [-4.079381818030559], [4.090793258352276], [4.0971992224105644]]
[-0.028426635368227926]
--------------------------------------------------------------------------------
[[-4.165750506904692], [-4.134381810413295], [4.14579325054896], [4.152199214607248]]
[-0.028426635368227926]
--------------------------------------------------------------------------------
[[-4.220750500801259], [-4.189381804309862], [4.200793244277086], [4.207199208335374]]
[-0.028426635368227926]
--------------------------------------------------------------------------------
[[-4.275750495923562], [-4.2443817994321655], [4.255793239223365], [4.262199203281654]]
[-0.028426635368227926]
--------------------------------------------------------------------------------
[[-4.330750492020773], [-4.299381795529376], [4.310793235156006], [4.317199199214294]]
[-0.028426635368227926]
--------------------------------------------------------------------------------
[[-4.385750488901325], [-4.354381792409928], [4.36579323187926], [4.372199195937548]]
[-0.028426635368227926]
--------------------------------------------------------------------------------
[[-4.440750486413326], [-4.409381789921929], [4.420793229234192], [4.427199193292481]]
[-0.028426635368227926]
--------------------------------------------------------------------------------
[[-4.495750484426276], [-4.4643817879348795], [4.4757932271018595], [4.482199191160148]]
[-0.028426635368227926]
--------------------------------------------------------------------------------
[[-4.550750482854041], [-4.519381786362644], [4.530793225368213], [4.537199189426501]]
[-0.028426635368227926]
--------------------------------------------------------------------------------
[[-4.605750481614225], [-4.574381785122829], [4.5857932239549966], [4.592199188013285]]
[-0.028426635368227926]
--------------------------------------------------------------------------------
[[-4.660750480622613], [-4.629381784131216], [4.640793222817501], [4.647199186875789]]
[-0.028426635368227926]
--------------------------------------------------------------------------------
[[-4.715750479846619], [-4.684381783355223], [4.695793221884846], [4.702199185943134]]
[-0.028426635368227926]
--------------------------------------------------------------------------------
[[-4.7707504792503865], [-4.73938178275899], [4.750793221109855], [4.757199185168143]]
[-0.028426635368227926]
--------------------------------------------------------------------------------
